name,contour_path,units,w,h,d,layer_final_geom,layer_derived_curves,layer_original_curves,layer_scaled_curve,layer_curve_bbox,layer_images,picture_path,img_w,img_h,min_x,min_z,max_x,max_z,left_margin,right_margin,top_margin,bottom_margin
100,/Users/polinastepanova/Desktop/Work_2025-2026/LGA_Work/JM6/Silhouettes/Heller Modified/Heller Contours/100_silhouette_contour.svg,,,,,Item_100::Final_Geom,Item_100::Face_Curves,Item_100::Original_Curve,AutoCAD::Item_100::Scaled_Curve,AutoCAD::Item_100::Curve_Bbox,Item_100::Images,/Users/polinastepanova/Desktop/Work_2025-2026/LGA_Work/JM6/Silhouettes/Heller Modified/Heller Silhouettes/Combined/100_silhouette.png,990,1000,59,55,921,937,59,68,55,62
101,/Users/polinastepanova/Desktop/Work_2025-2026/LGA_Work/JM6/Silhouettes/Heller Modified/Heller Contours/101_silhouette_contour.svg,,,,,Item_101::Final_Geom,Item_101::Face_Curves,Item_101::Original_Curve,AutoCAD::Item_101::Scaled_Curve,AutoCAD::Item_101::Curve_Bbox,Item_101::Images,/Users/polinastepanova/Desktop/Work_2025-2026/LGA_Work/JM6/Silhouettes/Heller Modified/Heller Silhouettes/Combined/101_silhouette.png,667,1000,172,189,518,932,172,148,189,67
102,/Users/polinastepanova/Desktop/Work_2025-2026/LGA_Work/JM6/Silhouettes/Heller Modified/Heller Contours/102_silhouette_contour.svg,,,,,Item_102::Final_Geom,Item_102::Face_Curves,Item_102::Original_Curve,AutoCAD::Item_102::Scaled_Curve,AutoCAD::Item_102::Curve_Bbox,Item_102::Images,/Users/polinastepanova/Desktop/Work_2025-2026/LGA_Work/JM6/Silhouettes/Heller Modified/Heller Silhouettes/Combined/102_silhouette.png,667,1000,218,99,472,942,218,194,99,57
103,/Users/polinastepanova/Desktop/Work_2025-2026/LGA_Work/JM6/Silhouettes/Heller Modified/Heller Contours/103_silhouette_contour.svg,,,,,Item_103::Final_Geom,Item_103::Face_Curves,Item_103::Original_Curve,AutoCAD::Item_103::Scaled_Curve,AutoCAD::Item_103::Curve_Bbox,Item_103::Images,/Users/polinastepanova/Desktop/Work_2025-2026/LGA_Work/JM6/Silhouettes/Heller Modified/Heller Silhouettes/Combined/103_silhouette.png,667,1000,198,472,492,717,198,174,472,282
104,/Users/polinastepanova/Desktop/Work_2025-2026/LGA_Work/JM6/Silhouettes/Heller Modified/Heller Contours/104_silhouette_contour.svg,,,,,Item_104::Final_Geom,Item_104::Face_Curves,Item_104::Original_Curve,AutoCAD::Item_104::Scaled_Curve,AutoCAD::Item_104::Curve_Bbox,Item_104::Images,/Users/polinastepanova/Desktop/Work_2025-2026/LGA_Work/JM6/Silhouettes/Heller Modified/Heller Silhouettes/Combined/104_silhouette.png,1000,667,273,220,756,470,273,243,220,196
105,/Users/polinastepanova/Desktop/Work_2025-2026/LGA_Work/JM6/Silhouettes/Heller Modified/Heller Contours/105_silhouette_contour.svg,,,,,Item_105::Final_Geom,Item_105::Face_Curves,Item_105::Original_Curve,AutoCAD::Item_105::Scaled_Curve,AutoCAD::Item_105::Curve_Bbox,Item_105::Images,/Users/polinastepanova/Desktop/Work_2025-2026/LGA_Work/JM6/Silhouettes/Heller Modified/Heller Silhouettes/Combined/105_silhouette.png,667,1000,42,76,620,863,42,46,76,136
107,/Users/polinastepanova/Desktop/Work_2025-2026/LGA_Work/JM6/Silhouettes/Heller Modified/Heller Contours/107_silhouette_contour.svg,,,,,Item_107::Final_Geom,Item_107::Face_Curves,Item_107::Original_Curve,AutoCAD::Item_107::Scaled_Curve,AutoCAD::Item_107::Curve_Bbox,Item_107::Images,/Users/polinastepanova/Desktop/Work_2025-2026/LGA_Work/JM6/Silhouettes/Heller Modified/Heller Silhouettes/Combined/107_silhouette.png,667,1000,262,177,394,855,262,272,177,144
108,/Users/polinastepanova/Desktop/Work_2025-2026/LGA_Work/JM6/Silhouettes/Heller Modified/Heller Contours/108_silhouette_contour.svg,,,,,Item_108::Final_Geom,Item_108::Face_Curves,Item_108::Original_Curve,AutoCAD::Item_108::Scaled_Curve,AutoCAD::Item_108::Curve_Bbox,Item_108::Images,/Users/polinastepanova/Desktop/Work_2025-2026/LGA_Work/JM6/Silhouettes/Heller Modified/Heller Silhouettes/Combined/108_silhouette.png,667,1000,250,267,431,874,250,235,267,125
109,/Users/polinastepanova/Desktop/Work_2025-2026/LGA_Work/JM6/Silhouettes/Heller Modified/Heller Contours/109_silhouette_contour.svg,,,,,Item_109::Final_Geom,Item_109::Face_Curves,Item_109::Original_Curve,AutoCAD::Item_109::Scaled_Curve,AutoCAD::Item_109::Curve_Bbox,Item_109::Images,/Users/polinastepanova/Desktop/Work_2025-2026/LGA_Work/JM6/Silhouettes/Heller Modified/Heller Silhouettes/Combined/109_silhouette.png,1000,667,87,141,907,541,87,92,141,125
110,/Users/polinastepanova/Desktop/Work_2025-2026/LGA_Work/JM6/Silhouettes/Heller Modified/Heller Contours/110_silhouette_contour.svg,,,,,Item_110::Final_Geom,Item_110::Face_Curves,Item_110::Original_Curve,AutoCAD::Item_110::Scaled_Curve,AutoCAD::Item_110::Curve_Bbox,Item_110::Images,/Users/polinastepanova/Desktop/Work_2025-2026/LGA_Work/JM6/Silhouettes/Heller Modified/Heller Silhouettes/Combined/110_silhouette.png,667,1000,174,170,454,912,174,212,170,87
111,/Users/polinastepanova/Desktop/Work_2025-2026/LGA_Work/JM6/Silhouettes/Heller Modified/Heller Contours/111_silhouette_contour.svg,,,,,Item_111::Final_Geom,Item_111::Face_Curves,Item_111::Original_Curve,AutoCAD::Item_111::Scaled_Curve,AutoCAD::Item_111::Curve_Bbox,Item_111::Images,/Users/polinastepanova/Desktop/Work_2025-2026/LGA_Work/JM6/Silhouettes/Heller Modified/Heller Silhouettes/Combined/111_silhouette.png,667,1000,207,461,461,762,207,205,461,237
112,/Users/polinastepanova/Desktop/Work_2025-2026/LGA_Work/JM6/Silhouettes/Heller Modified/Heller Contours/112_silhouette_contour.svg,,,,,Item_112::Final_Geom,Item_112::Face_Curves,Item_112::Original_Curve,AutoCAD::Item_112::Scaled_Curve,AutoCAD::Item_112::Curve_Bbox,Item_112::Images,/Users/polinastepanova/Desktop/Work_2025-2026/LGA_Work/JM6/Silhouettes/Heller Modified/Heller Silhouettes/Combined/112_silhouette.png,667,1000,130,184,575,755,130,91,184,244
113,/Users/polinastepanova/Desktop/Work_2025-2026/LGA_Work/JM6/Silhouettes/Heller Modified/Heller Contours/113_silhouette_contour.svg,,,,,Item_113::Final_Geom,Item_113::Face_Curves,Item_113::Original_Curve,AutoCAD::Item_113::Scaled_Curve,AutoCAD::Item_113::Curve_Bbox,Item_113::Images,/Users/polinastepanova/Desktop/Work_2025-2026/LGA_Work/JM6/Silhouettes/Heller Modified/Heller Silhouettes/Combined/113_silhouette.png,1000,667,250,113,841,592,250,158,113,74
114,/Users/polinastepanova/Desktop/Work_2025-2026/LGA_Work/JM6/Silhouettes/Heller Modified/Heller Contours/114_silhouette_contour.svg,,,,,Item_114::Final_Geom,Item_114::Face_Curves,Item_114::Original_Curve,AutoCAD::Item_114::Scaled_Curve,AutoCAD::Item_114::Curve_Bbox,Item_114::Images,/Users/polinastepanova/Desktop/Work_2025-2026/LGA_Work/JM6/Silhouettes/Heller Modified/Heller Silhouettes/Combined/114_silhouette.png,1000,667,219,229,851,460,219,148,229,206
115,/Users/polinastepanova/Desktop/Work_2025-2026/LGA_Work/JM6/Silhouettes/Heller Modified/Heller Contours/115_silhouette_contour.svg,,,,,Item_115::Final_Geom,Item_115::Face_Curves,Item_115::Original_Curve,AutoCAD::Item_115::Scaled_Curve,AutoCAD::Item_115::Curve_Bbox,Item_115::Images,/Users/polinastepanova/Desktop/Work_2025-2026/LGA_Work/JM6/Silhouettes/Heller Modified/Heller Silhouettes/Combined/115_silhouette.png,1000,667,230,284,818,476,230,181,284,190
116,/Users/polinastepanova/Desktop/Work_2025-2026/LGA_Work/JM6/Silhouettes/Heller Modified/Heller Contours/116_silhouette_contour.svg,,,,,Item_116::Final_Geom,Item_116::Face_Curves,Item_116::Original_Curve,AutoCAD::Item_116::Scaled_Curve,AutoCAD::Item_116::Curve_Bbox,Item_116::Images,/Users/polinastepanova/Desktop/Work_2025-2026/LGA_Work/JM6/Silhouettes/Heller Modified/Heller Silhouettes/Combined/116_silhouette.png,667,1000,150,154,514,928,150,152,154,71
117,/Users/polinastepanova/Desktop/Work_2025-2026/LGA_Work/JM6/Silhouettes/Heller Modified/Heller Contours/117_silhouette_contour.svg,,,,,Item_117::Final_Geom,Item_117::Face_Curves,Item_117::Original_Curve,AutoCAD::Item_117::Scaled_Curve,AutoCAD::Item_117::Curve_Bbox,Item_117::Images,/Users/polinastepanova/Desktop/Work_2025-2026/LGA_Work/JM6/Silhouettes/Heller Modified/Heller Silhouettes/Combined/117_silhouette.png,667,1000,140,163,536,924,140,130,163,75
118,/Users/polinastepanova/Desktop/Work_2025-2026/LGA_Work/JM6/Silhouettes/Heller Modified/Heller Contours/118_silhouette_contour.svg,,,,,Item_118::Final_Geom,Item_118::Face_Curves,Item_118::Original_Curve,AutoCAD::Item_118::Scaled_Curve,AutoCAD::Item_118::Curve_Bbox,Item_118::Images,/Users/polinastepanova/Desktop/Work_2025-2026/LGA_Work/JM6/Silhouettes/Heller Modified/Heller Silhouettes/Combined/118_silhouette.png,667,1000,156,259,501,661,156,165,259,338
119,/Users/polinastepanova/Desktop/Work_2025-2026/LGA_Work/JM6/Silhouettes/Heller Modified/Heller Contours/119_silhouette_contour.svg,,,,,Item_119::Final_Geom,Item_119::Face_Curves,Item_119::Original_Curve,AutoCAD::Item_119::Scaled_Curve,AutoCAD::Item_119::Curve_Bbox,Item_119::Images,/Users/polinastepanova/Desktop/Work_2025-2026/LGA_Work/JM6/Silhouettes/Heller Modified/Heller Silhouettes/Combined/119_silhouette.png,667,1000,245,89,430,905,245,236,89,94
120,/Users/polinastepanova/Desktop/Work_2025-2026/LGA_Work/JM6/Silhouettes/Heller Modified/Heller Contours/120_silhouette_contour.svg,,,,,Item_120::Final_Geom,Item_120::Face_Curves,Item_120::Original_Curve,AutoCAD::Item_120::Scaled_Curve,AutoCAD::Item_120::Curve_Bbox,Item_120::Images,/Users/polinastepanova/Desktop/Work_2025-2026/LGA_Work/JM6/Silhouettes/Heller Modified/Heller Silhouettes/Combined/120_silhouette.png,667,1000,170,83,476,948,170,190,83,51
121,/Users/polinastepanova/Desktop/Work_2025-2026/LGA_Work/JM6/Silhouettes/Heller Modified/Heller Contours/121_silhouette_contour.svg,,,,,Item_121::Final_Geom,Item_121::Face_Curves,Item_121::Original_Curve,AutoCAD::Item_121::Scaled_Curve,AutoCAD::Item_121::Curve_Bbox,Item_121::Images,/Users/polinastepanova/Desktop/Work_2025-2026/LGA_Work/JM6/Silhouettes/Heller Modified/Heller Silhouettes/Combined/121_silhouette.png,667,1000,208,78,442,933,208,224,78,66
122,/Users/polinastepanova/Desktop/Work_2025-2026/LGA_Work/JM6/Silhouettes/Heller Modified/Heller Contours/122_silhouette_contour.svg,,,,,Item_122::Final_Geom,Item_122::Face_Curves,Item_122::Original_Curve,AutoCAD::Item_122::Scaled_Curve,AutoCAD::Item_122::Curve_Bbox,Item_122::Images,/Users/polinastepanova/Desktop/Work_2025-2026/LGA_Work/JM6/Silhouettes/Heller Modified/Heller Silhouettes/Combined/122_silhouette.png,667,1000,129,239,593,825,129,73,239,174
123,/Users/polinastepanova/Desktop/Work_2025-2026/LGA_Work/JM6/Silhouettes/Heller Modified/Heller Contours/123_silhouette_contour.svg,,,,,Item_123::Final_Geom,Item_123::Face_Curves,Item_123::Original_Curve,AutoCAD::Item_123::Scaled_Curve,AutoCAD::Item_123::Curve_Bbox,Item_123::Images,/Users/polinastepanova/Desktop/Work_2025-2026/LGA_Work/JM6/Silhouettes/Heller Modified/Heller Silhouettes/Combined/123_silhouette.png,667,1000,64,140,603,883,64,63,140,116
124,/Users/polinastepanova/Desktop/Work_2025-2026/LGA_Work/JM6/Silhouettes/Heller Modified/Heller Contours/124_silhouette_contour.svg,,,,,Item_124::Final_Geom,Item_124::Face_Curves,Item_124::Original_Curve,AutoCAD::Item_124::Scaled_Curve,AutoCAD::Item_124::Curve_Bbox,Item_124::Images,/Users/polinastepanova/Desktop/Work_2025-2026/LGA_Work/JM6/Silhouettes/Heller Modified/Heller Silhouettes/Combined/124_silhouette.png,667,1000,69,76,606,927,69,60,76,72
125,/Users/polinastepanova/Desktop/Work_2025-2026/LGA_Work/JM6/Silhouettes/Heller Modified/Heller Contours/125_silhouette_contour.svg,,,,,Item_125::Final_Geom,Item_125::Face_Curves,Item_125::Original_Curve,AutoCAD::Item_125::Scaled_Curve,AutoCAD::Item_125::Curve_Bbox,Item_125::Images,/Users/polinastepanova/Desktop/Work_2025-2026/LGA_Work/JM6/Silhouettes/Heller Modified/Heller Silhouettes/Combined/125_silhouette.png,667,1000,64,122,624,912,64,42,122,87
126,/Users/polinastepanova/Desktop/Work_2025-2026/LGA_Work/JM6/Silhouettes/Heller Modified/Heller Contours/126_silhouette_contour.svg,,,,,Item_126::Final_Geom,Item_126::Face_Curves,Item_126::Original_Curve,AutoCAD::Item_126::Scaled_Curve,AutoCAD::Item_126::Curve_Bbox,Item_126::Images,/Users/polinastepanova/Desktop/Work_2025-2026/LGA_Work/JM6/Silhouettes/Heller Modified/Heller Silhouettes/Combined/126_silhouette.png,667,1000,124,53,557,940,124,109,53,59
127,/Users/polinastepanova/Desktop/Work_2025-2026/LGA_Work/JM6/Silhouettes/Heller Modified/Heller Contours/127_silhouette_contour.svg,,,,,Item_127::Final_Geom,Item_127::Face_Curves,Item_127::Original_Curve,AutoCAD::Item_127::Scaled_Curve,AutoCAD::Item_127::Curve_Bbox,Item_127::Images,/Users/polinastepanova/Desktop/Work_2025-2026/LGA_Work/JM6/Silhouettes/Heller Modified/Heller Silhouettes/Combined/127_silhouette.png,667,1000,165,94,508,943,165,158,94,56
128a_silhouette,/Users/polinastepanova/Desktop/Work_2025-2026/LGA_Work/JM6/Silhouettes/Heller Modified/Heller Contours/128a_silhouette_silhouette_contour.svg,,,,,Item_128a_silhouette::Final_Geom,Item_128a_silhouette::Face_Curves,Item_128a_silhouette::Original_Curve,AutoCAD::Item_128a_silhouette::Scaled_Curve,AutoCAD::Item_128a_silhouette::Curve_Bbox,Item_128a_silhouette::Images,/Users/polinastepanova/Desktop/Work_2025-2026/LGA_Work/JM6/Silhouettes/Heller Modified/Heller Silhouettes/Combined/128a_silhouette.png,687,1000,9,14,678,983,9,8,14,16
128b_silhouette,/Users/polinastepanova/Desktop/Work_2025-2026/LGA_Work/JM6/Silhouettes/Heller Modified/Heller Contours/128b_silhouette_silhouette_contour.svg,,,,,Item_128b_silhouette::Final_Geom,Item_128b_silhouette::Face_Curves,Item_128b_silhouette::Original_Curve,AutoCAD::Item_128b_silhouette::Scaled_Curve,AutoCAD::Item_128b_silhouette::Curve_Bbox,Item_128b_silhouette::Images,/Users/polinastepanova/Desktop/Work_2025-2026/LGA_Work/JM6/Silhouettes/Heller Modified/Heller Silhouettes/Combined/128b_silhouette.png,704,1000,8,13,693,989,8,10,13,10
129,/Users/polinastepanova/Desktop/Work_2025-2026/LGA_Work/JM6/Silhouettes/Heller Modified/Heller Contours/129_silhouette_contour.svg,,,,,Item_129::Final_Geom,Item_129::Face_Curves,Item_129::Original_Curve,AutoCAD::Item_129::Scaled_Curve,AutoCAD::Item_129::Curve_Bbox,Item_129::Images,/Users/polinastepanova/Desktop/Work_2025-2026/LGA_Work/JM6/Silhouettes/Heller Modified/Heller Silhouettes/Combined/129_silhouette.png,1000,274,0,0,999,273,0,0,0,0
131,/Users/polinastepanova/Desktop/Work_2025-2026/LGA_Work/JM6/Silhouettes/Heller Modified/Heller Contours/131_silhouette_contour.svg,,,,,Item_131::Final_Geom,Item_131::Face_Curves,Item_131::Original_Curve,AutoCAD::Item_131::Scaled_Curve,AutoCAD::Item_131::Curve_Bbox,Item_131::Images,/Users/polinastepanova/Desktop/Work_2025-2026/LGA_Work/JM6/Silhouettes/Heller Modified/Heller Silhouettes/Combined/131_silhouette.png,1000,750,30,112,912,715,30,87,112,34
132,/Users/polinastepanova/Desktop/Work_2025-2026/LGA_Work/JM6/Silhouettes/Heller Modified/Heller Contours/132_silhouette_contour.svg,,,,,Item_132::Final_Geom,Item_132::Face_Curves,Item_132::Original_Curve,AutoCAD::Item_132::Scaled_Curve,AutoCAD::Item_132::Curve_Bbox,Item_132::Images,/Users/polinastepanova/Desktop/Work_2025-2026/LGA_Work/JM6/Silhouettes/Heller Modified/Heller Silhouettes/Combined/132_silhouette.png,1000,667,0,0,962,666,0,37,0,0
133,/Users/polinastepanova/Desktop/Work_2025-2026/LGA_Work/JM6/Silhouettes/Heller Modified/Heller Contours/133_silhouette_contour.svg,,,,,Item_133::Final_Geom,Item_133::Face_Curves,Item_133::Original_Curve,AutoCAD::Item_133::Scaled_Curve,AutoCAD::Item_133::Curve_Bbox,Item_133::Images,/Users/polinastepanova/Desktop/Work_2025-2026/LGA_Work/JM6/Silhouettes/Heller Modified/Heller Silhouettes/Combined/133_silhouette.png,1000,607,179,11,850,559,179,149,11,47
135,/Users/polinastepanova/Desktop/Work_2025-2026/LGA_Work/JM6/Silhouettes/Heller Modified/Heller Contours/135_silhouette_contour.svg,,,,,Item_135::Final_Geom,Item_135::Face_Curves,Item_135::Original_Curve,AutoCAD::Item_135::Scaled_Curve,AutoCAD::Item_135::Curve_Bbox,Item_135::Images,/Users/polinastepanova/Desktop/Work_2025-2026/LGA_Work/JM6/Silhouettes/Heller Modified/Heller Silhouettes/Combined/135_silhouette.png,724,1000,11,5,719,992,11,4,5,7
137,/Users/polinastepanova/Desktop/Work_2025-2026/LGA_Work/JM6/Silhouettes/Heller Modified/Heller Contours/137_silhouette_contour.svg,,,,,Item_137::Final_Geom,Item_137::Face_Curves,Item_137::Original_Curve,AutoCAD::Item_137::Scaled_Curve,AutoCAD::Item_137::Curve_Bbox,Item_137::Images,/Users/polinastepanova/Desktop/Work_2025-2026/LGA_Work/JM6/Silhouettes/Heller Modified/Heller Silhouettes/Combined/137_silhouette.png,667,1000,89,119,580,863,89,86,119,136
138,/Users/polinastepanova/Desktop/Work_2025-2026/LGA_Work/JM6/Silhouettes/Heller Modified/Heller Contours/138_silhouette_contour.svg,,,,,Item_138::Final_Geom,Item_138::Face_Curves,Item_138::Original_Curve,AutoCAD::Item_138::Scaled_Curve,AutoCAD::Item_138::Curve_Bbox,Item_138::Images,/Users/polinastepanova/Desktop/Work_2025-2026/LGA_Work/JM6/Silhouettes/Heller Modified/Heller Silhouettes/Combined/138_silhouette.png,667,1000,54,117,614,810,54,52,117,189
139,/Users/polinastepanova/Desktop/Work_2025-2026/LGA_Work/JM6/Silhouettes/Heller Modified/Heller Contours/139_silhouette_contour.svg,,,,,Item_139::Final_Geom,Item_139::Face_Curves,Item_139::Original_Curve,AutoCAD::Item_139::Scaled_Curve,AutoCAD::Item_139::Curve_Bbox,Item_139::Images,/Users/polinastepanova/Desktop/Work_2025-2026/LGA_Work/JM6/Silhouettes/Heller Modified/Heller Silhouettes/Combined/139_silhouette.png,734,1000,81,123,656,876,81,77,123,123
140,/Users/polinastepanova/Desktop/Work_2025-2026/LGA_Work/JM6/Silhouettes/Heller Modified/Heller Contours/140_silhouette_contour.svg,,,,,Item_140::Final_Geom,Item_140::Face_Curves,Item_140::Original_Curve,AutoCAD::Item_140::Scaled_Curve,AutoCAD::Item_140::Curve_Bbox,Item_140::Images,/Users/polinastepanova/Desktop/Work_2025-2026/LGA_Work/JM6/Silhouettes/Heller Modified/Heller Silhouettes/Combined/140_silhouette.png,1000,667,86,23,895,648,86,104,23,18
141,/Users/polinastepanova/Desktop/Work_2025-2026/LGA_Work/JM6/Silhouettes/Heller Modified/Heller Contours/141_silhouette_contour.svg,,,,,Item_141::Final_Geom,Item_141::Face_Curves,Item_141::Original_Curve,AutoCAD::Item_141::Scaled_Curve,AutoCAD::Item_141::Curve_Bbox,Item_141::Images,/Users/polinastepanova/Desktop/Work_2025-2026/LGA_Work/JM6/Silhouettes/Heller Modified/Heller Silhouettes/Combined/141_silhouette.png,667,1000,133,216,591,869,133,75,216,130
142,/Users/polinastepanova/Desktop/Work_2025-2026/LGA_Work/JM6/Silhouettes/Heller Modified/Heller Contours/142_silhouette_contour.svg,,,,,Item_142::Final_Geom,Item_142::Face_Curves,Item_142::Original_Curve,AutoCAD::Item_142::Scaled_Curve,AutoCAD::Item_142::Curve_Bbox,Item_142::Images,/Users/polinastepanova/Desktop/Work_2025-2026/LGA_Work/JM6/Silhouettes/Heller Modified/Heller Silhouettes/Combined/142_silhouette.png,740,1000,243,71,486,945,243,253,71,54
143,/Users/polinastepanova/Desktop/Work_2025-2026/LGA_Work/JM6/Silhouettes/Heller Modified/Heller Contours/143_silhouette_contour.svg,,,,,Item_143::Final_Geom,Item_143::Face_Curves,Item_143::Original_Curve,AutoCAD::Item_143::Scaled_Curve,AutoCAD::Item_143::Curve_Bbox,Item_143::Images,/Users/polinastepanova/Desktop/Work_2025-2026/LGA_Work/JM6/Silhouettes/Heller Modified/Heller Silhouettes/Combined/143_silhouette.png,1000,399,34,57,971,321,34,28,57,77
144,/Users/polinastepanova/Desktop/Work_2025-2026/LGA_Work/JM6/Silhouettes/Heller Modified/Heller Contours/144_silhouette_contour.svg,,,,,Item_144::Final_Geom,Item_144::Face_Curves,Item_144::Original_Curve,AutoCAD::Item_144::Scaled_Curve,AutoCAD::Item_144::Curve_Bbox,Item_144::Images,/Users/polinastepanova/Desktop/Work_2025-2026/LGA_Work/JM6/Silhouettes/Heller Modified/Heller Silhouettes/Combined/144_silhouette.png,1000,956,32,26,965,933,32,34,26,22
145,/Users/polinastepanova/Desktop/Work_2025-2026/LGA_Work/JM6/Silhouettes/Heller Modified/Heller Contours/145_silhouette_contour.svg,,,,,Item_145::Final_Geom,Item_145::Face_Curves,Item_145::Original_Curve,AutoCAD::Item_145::Scaled_Curve,AutoCAD::Item_145::Curve_Bbox,Item_145::Images,/Users/polinastepanova/Desktop/Work_2025-2026/LGA_Work/JM6/Silhouettes/Heller Modified/Heller Silhouettes/Combined/145_silhouette.png,886,1000,46,28,820,965,46,65,28,34
146,/Users/polinastepanova/Desktop/Work_2025-2026/LGA_Work/JM6/Silhouettes/Heller Modified/Heller Contours/146_silhouette_contour.svg,,,,,Item_146::Final_Geom,Item_146::Face_Curves,Item_146::Original_Curve,AutoCAD::Item_146::Scaled_Curve,AutoCAD::Item_146::Curve_Bbox,Item_146::Images,/Users/polinastepanova/Desktop/Work_2025-2026/LGA_Work/JM6/Silhouettes/Heller Modified/Heller Silhouettes/Combined/146_silhouette.png,921,1000,51,46,853,971,51,67,46,28
147,/Users/polinastepanova/Desktop/Work_2025-2026/LGA_Work/JM6/Silhouettes/Heller Modified/Heller Contours/147_silhouette_contour.svg,,,,,Item_147::Final_Geom,Item_147::Face_Curves,Item_147::Original_Curve,AutoCAD::Item_147::Scaled_Curve,AutoCAD::Item_147::Curve_Bbox,Item_147::Images,/Users/polinastepanova/Desktop/Work_2025-2026/LGA_Work/JM6/Silhouettes/Heller Modified/Heller Silhouettes/Combined/147_silhouette.png,1000,981,52,49,913,928,52,86,49,52
148,/Users/polinastepanova/Desktop/Work_2025-2026/LGA_Work/JM6/Silhouettes/Heller Modified/Heller Contours/148_silhouette_contour.svg,,,,,Item_148::Final_Geom,Item_148::Face_Curves,Item_148::Original_Curve,AutoCAD::Item_148::Scaled_Curve,AutoCAD::Item_148::Curve_Bbox,Item_148::Images,/Users/polinastepanova/Desktop/Work_2025-2026/LGA_Work/JM6/Silhouettes/Heller Modified/Heller Silhouettes/Combined/148_silhouette.png,1000,792,143,91,837,665,143,162,91,126
149,/Users/polinastepanova/Desktop/Work_2025-2026/LGA_Work/JM6/Silhouettes/Heller Modified/Heller Contours/149_silhouette_contour.svg,,,,,Item_149::Final_Geom,Item_149::Face_Curves,Item_149::Original_Curve,AutoCAD::Item_149::Scaled_Curve,AutoCAD::Item_149::Curve_Bbox,Item_149::Images,/Users/polinastepanova/Desktop/Work_2025-2026/LGA_Work/JM6/Silhouettes/Heller Modified/Heller Silhouettes/Combined/149_silhouette.png,1000,869,87,129,865,740,87,134,129,128
150,/Users/polinastepanova/Desktop/Work_2025-2026/LGA_Work/JM6/Silhouettes/Heller Modified/Heller Contours/150_silhouette_contour.svg,,,,,Item_150::Final_Geom,Item_150::Face_Curves,Item_150::Original_Curve,AutoCAD::Item_150::Scaled_Curve,AutoCAD::Item_150::Curve_Bbox,Item_150::Images,/Users/polinastepanova/Desktop/Work_2025-2026/LGA_Work/JM6/Silhouettes/Heller Modified/Heller Silhouettes/Combined/150_silhouette.png,1000,689,68,58,926,639,68,73,58,49
151,/Users/polinastepanova/Desktop/Work_2025-2026/LGA_Work/JM6/Silhouettes/Heller Modified/Heller Contours/151_silhouette_contour.svg,,,,,Item_151::Final_Geom,Item_151::Face_Curves,Item_151::Original_Curve,AutoCAD::Item_151::Scaled_Curve,AutoCAD::Item_151::Curve_Bbox,Item_151::Images,/Users/polinastepanova/Desktop/Work_2025-2026/LGA_Work/JM6/Silhouettes/Heller Modified/Heller Silhouettes/Combined/151_silhouette.png,1000,713,117,118,882,609,117,117,118,103
152,/Users/polinastepanova/Desktop/Work_2025-2026/LGA_Work/JM6/Silhouettes/Heller Modified/Heller Contours/152_silhouette_contour.svg,,,,,Item_152::Final_Geom,Item_152::Face_Curves,Item_152::Original_Curve,AutoCAD::Item_152::Scaled_Curve,AutoCAD::Item_152::Curve_Bbox,Item_152::Images,/Users/polinastepanova/Desktop/Work_2025-2026/LGA_Work/JM6/Silhouettes/Heller Modified/Heller Silhouettes/Combined/152_silhouette.png,1000,991,39,29,970,973,39,29,29,17
153,/Users/polinastepanova/Desktop/Work_2025-2026/LGA_Work/JM6/Silhouettes/Heller Modified/Heller Contours/153_silhouette_contour.svg,,,,,Item_153::Final_Geom,Item_153::Face_Curves,Item_153::Original_Curve,AutoCAD::Item_153::Scaled_Curve,AutoCAD::Item_153::Curve_Bbox,Item_153::Images,/Users/polinastepanova/Desktop/Work_2025-2026/LGA_Work/JM6/Silhouettes/Heller Modified/Heller Silhouettes/Combined/153_silhouette.png,1000,942,33,39,948,920,33,51,39,21
154,/Users/polinastepanova/Desktop/Work_2025-2026/LGA_Work/JM6/Silhouettes/Heller Modified/Heller Contours/154_silhouette_contour.svg,,,,,Item_154::Final_Geom,Item_154::Face_Curves,Item_154::Original_Curve,AutoCAD::Item_154::Scaled_Curve,AutoCAD::Item_154::Curve_Bbox,Item_154::Images,/Users/polinastepanova/Desktop/Work_2025-2026/LGA_Work/JM6/Silhouettes/Heller Modified/Heller Silhouettes/Combined/154_silhouette.png,986,1000,35,36,955,970,35,30,36,29
155,/Users/polinastepanova/Desktop/Work_2025-2026/LGA_Work/JM6/Silhouettes/Heller Modified/Heller Contours/155_silhouette_contour.svg,,,,,Item_155::Final_Geom,Item_155::Face_Curves,Item_155::Original_Curve,AutoCAD::Item_155::Scaled_Curve,AutoCAD::Item_155::Curve_Bbox,Item_155::Images,/Users/polinastepanova/Desktop/Work_2025-2026/LGA_Work/JM6/Silhouettes/Heller Modified/Heller Silhouettes/Combined/155_silhouette.png,1000,960,54,39,941,916,54,58,39,43
156,/Users/polinastepanova/Desktop/Work_2025-2026/LGA_Work/JM6/Silhouettes/Heller Modified/Heller Contours/156_silhouette_contour.svg,,,,,Item_156::Final_Geom,Item_156::Face_Curves,Item_156::Original_Curve,AutoCAD::Item_156::Scaled_Curve,AutoCAD::Item_156::Curve_Bbox,Item_156::Images,/Users/polinastepanova/Desktop/Work_2025-2026/LGA_Work/JM6/Silhouettes/Heller Modified/Heller Silhouettes/Combined/156_silhouette.png,969,1000,38,27,951,965,38,17,27,34
157,/Users/polinastepanova/Desktop/Work_2025-2026/LGA_Work/JM6/Silhouettes/Heller Modified/Heller Contours/157_silhouette_contour.svg,,,,,Item_157::Final_Geom,Item_157::Face_Curves,Item_157::Original_Curve,AutoCAD::Item_157::Scaled_Curve,AutoCAD::Item_157::Curve_Bbox,Item_157::Images,/Users/polinastepanova/Desktop/Work_2025-2026/LGA_Work/JM6/Silhouettes/Heller Modified/Heller Silhouettes/Combined/157_silhouette.png,1000,994,42,30,956,957,42,43,30,36
158,/Users/polinastepanova/Desktop/Work_2025-2026/LGA_Work/JM6/Silhouettes/Heller Modified/Heller Contours/158_silhouette_contour.svg,,,,,Item_158::Final_Geom,Item_158::Face_Curves,Item_158::Original_Curve,AutoCAD::Item_158::Scaled_Curve,AutoCAD::Item_158::Curve_Bbox,Item_158::Images,/Users/polinastepanova/Desktop/Work_2025-2026/LGA_Work/JM6/Silhouettes/Heller Modified/Heller Silhouettes/Combined/158_silhouette.png,966,1000,49,48,938,930,49,27,48,69
159,/Users/polinastepanova/Desktop/Work_2025-2026/LGA_Work/JM6/Silhouettes/Heller Modified/Heller Contours/159_silhouette_contour.svg,,,,,Item_159::Final_Geom,Item_159::Face_Curves,Item_159::Original_Curve,AutoCAD::Item_159::Scaled_Curve,AutoCAD::Item_159::Curve_Bbox,Item_159::Images,/Users/polinastepanova/Desktop/Work_2025-2026/LGA_Work/JM6/Silhouettes/Heller Modified/Heller Silhouettes/Combined/159_silhouette.png,983,1000,44,36,943,967,44,39,36,32
160,/Users/polinastepanova/Desktop/Work_2025-2026/LGA_Work/JM6/Silhouettes/Heller Modified/Heller Contours/160_silhouette_contour.svg,,,,,Item_160::Final_Geom,Item_160::Face_Curves,Item_160::Original_Curve,AutoCAD::Item_160::Scaled_Curve,AutoCAD::Item_160::Curve_Bbox,Item_160::Images,/Users/polinastepanova/Desktop/Work_2025-2026/LGA_Work/JM6/Silhouettes/Heller Modified/Heller Silhouettes/Combined/160_silhouette.png,1000,800,139,43,847,760,139,152,43,39
249,/Users/polinastepanova/Desktop/Work_2025-2026/LGA_Work/JM6/Silhouettes/Heller Modified/Heller Contours/249_silhouette_contour.svg,,,,,Item_249::Final_Geom,Item_249::Face_Curves,Item_249::Original_Curve,AutoCAD::Item_249::Scaled_Curve,AutoCAD::Item_249::Curve_Bbox,Item_249::Images,/Users/polinastepanova/Desktop/Work_2025-2026/LGA_Work/JM6/Silhouettes/Heller Modified/Heller Silhouettes/Combined/249_silhouette.png,1000,802,132,45,831,751,132,168,45,50
250,/Users/polinastepanova/Desktop/Work_2025-2026/LGA_Work/JM6/Silhouettes/Heller Modified/Heller Contours/250_silhouette_contour.svg,,,,,Item_250::Final_Geom,Item_250::Face_Curves,Item_250::Original_Curve,AutoCAD::Item_250::Scaled_Curve,AutoCAD::Item_250::Curve_Bbox,Item_250::Images,/Users/polinastepanova/Desktop/Work_2025-2026/LGA_Work/JM6/Silhouettes/Heller Modified/Heller Silhouettes/Combined/250_silhouette.png,1000,795,124,15,870,776,124,129,15,18
251,/Users/polinastepanova/Desktop/Work_2025-2026/LGA_Work/JM6/Silhouettes/Heller Modified/Heller Contours/251_silhouette_contour.svg,,,,,Item_251::Final_Geom,Item_251::Face_Curves,Item_251::Original_Curve,AutoCAD::Item_251::Scaled_Curve,AutoCAD::Item_251::Curve_Bbox,Item_251::Images,/Users/polinastepanova/Desktop/Work_2025-2026/LGA_Work/JM6/Silhouettes/Heller Modified/Heller Silhouettes/Combined/251_silhouette.png,1000,798,116,19,878,775,116,121,19,22
254,/Users/polinastepanova/Desktop/Work_2025-2026/LGA_Work/JM6/Silhouettes/Heller Modified/Heller Contours/254_silhouette_contour.svg,,,,,Item_254::Final_Geom,Item_254::Face_Curves,Item_254::Original_Curve,AutoCAD::Item_254::Scaled_Curve,AutoCAD::Item_254::Curve_Bbox,Item_254::Images,/Users/polinastepanova/Desktop/Work_2025-2026/LGA_Work/JM6/Silhouettes/Heller Modified/Heller Silhouettes/Combined/254_silhouette.png,779,1000,6,30,772,983,6,6,30,16
265,/Users/polinastepanova/Desktop/Work_2025-2026/LGA_Work/JM6/Silhouettes/Heller Modified/Heller Contours/265_silhouette_contour.svg,,,,,Item_265::Final_Geom,Item_265::Face_Curves,Item_265::Original_Curve,AutoCAD::Item_265::Scaled_Curve,AutoCAD::Item_265::Curve_Bbox,Item_265::Images,/Users/polinastepanova/Desktop/Work_2025-2026/LGA_Work/JM6/Silhouettes/Heller Modified/Heller Silhouettes/Combined/265_silhouette.png,831,1000,229,133,591,977,229,239,133,22
266,/Users/polinastepanova/Desktop/Work_2025-2026/LGA_Work/JM6/Silhouettes/Heller Modified/Heller Contours/266_silhouette_contour.svg,,,,,Item_266::Final_Geom,Item_266::Face_Curves,Item_266::Original_Curve,AutoCAD::Item_266::Scaled_Curve,AutoCAD::Item_266::Curve_Bbox,Item_266::Images,/Users/polinastepanova/Desktop/Work_2025-2026/LGA_Work/JM6/Silhouettes/Heller Modified/Heller Silhouettes/Combined/266_silhouette.png,668,1000,16,14,651,977,16,16,14,22
287,/Users/polinastepanova/Desktop/Work_2025-2026/LGA_Work/JM6/Silhouettes/Heller Modified/Heller Contours/287_silhouette_contour.svg,,,,,Item_287::Final_Geom,Item_287::Face_Curves,Item_287::Original_Curve,AutoCAD::Item_287::Scaled_Curve,AutoCAD::Item_287::Curve_Bbox,Item_287::Images,/Users/polinastepanova/Desktop/Work_2025-2026/LGA_Work/JM6/Silhouettes/Heller Modified/Heller Silhouettes/Combined/287_silhouette.png,1000,607,121,0,744,577,121,255,0,29
288,/Users/polinastepanova/Desktop/Work_2025-2026/LGA_Work/JM6/Silhouettes/Heller Modified/Heller Contours/288_silhouette_contour.svg,,,,,Item_288::Final_Geom,Item_288::Face_Curves,Item_288::Original_Curve,AutoCAD::Item_288::Scaled_Curve,AutoCAD::Item_288::Curve_Bbox,Item_288::Images,/Users/polinastepanova/Desktop/Work_2025-2026/LGA_Work/JM6/Silhouettes/Heller Modified/Heller Silhouettes/Combined/288_silhouette.png,1000,607,365,121,635,485,365,364,121,121
289,/Users/polinastepanova/Desktop/Work_2025-2026/LGA_Work/JM6/Silhouettes/Heller Modified/Heller Contours/289_silhouette_contour.svg,,,,,Item_289::Final_Geom,Item_289::Face_Curves,Item_289::Original_Curve,AutoCAD::Item_289::Scaled_Curve,AutoCAD::Item_289::Curve_Bbox,Item_289::Images,/Users/polinastepanova/Desktop/Work_2025-2026/LGA_Work/JM6/Silhouettes/Heller Modified/Heller Silhouettes/Combined/289_silhouette.png,1000,607,395,121,605,485,395,394,121,121
88,/Users/polinastepanova/Desktop/Work_2025-2026/LGA_Work/JM6/Silhouettes/Heller Modified/Heller Contours/88_silhouette_contour.svg,,,,,Item_88::Final_Geom,Item_88::Face_Curves,Item_88::Original_Curve,AutoCAD::Item_88::Scaled_Curve,AutoCAD::Item_88::Curve_Bbox,Item_88::Images,/Users/polinastepanova/Desktop/Work_2025-2026/LGA_Work/JM6/Silhouettes/Heller Modified/Heller Silhouettes/Combined/88_silhouette.png,667,1000,200,271,501,870,200,165,271,129
89,/Users/polinastepanova/Desktop/Work_2025-2026/LGA_Work/JM6/Silhouettes/Heller Modified/Heller Contours/89_silhouette_contour.svg,,,,,Item_89::Final_Geom,Item_89::Face_Curves,Item_89::Original_Curve,AutoCAD::Item_89::Scaled_Curve,AutoCAD::Item_89::Curve_Bbox,Item_89::Images,/Users/polinastepanova/Desktop/Work_2025-2026/LGA_Work/JM6/Silhouettes/Heller Modified/Heller Silhouettes/Combined/89_silhouette.png,667,1000,218,252,442,810,218,224,252,189
90,/Users/polinastepanova/Desktop/Work_2025-2026/LGA_Work/JM6/Silhouettes/Heller Modified/Heller Contours/90_silhouette_contour.svg,,,,,Item_90::Final_Geom,Item_90::Face_Curves,Item_90::Original_Curve,AutoCAD::Item_90::Scaled_Curve,AutoCAD::Item_90::Curve_Bbox,Item_90::Images,/Users/polinastepanova/Desktop/Work_2025-2026/LGA_Work/JM6/Silhouettes/Heller Modified/Heller Silhouettes/Combined/90_silhouette.png,667,1000,169,224,478,918,169,188,224,81
91,/Users/polinastepanova/Desktop/Work_2025-2026/LGA_Work/JM6/Silhouettes/Heller Modified/Heller Contours/91_silhouette_contour.svg,,,,,Item_91::Final_Geom,Item_91::Face_Curves,Item_91::Original_Curve,AutoCAD::Item_91::Scaled_Curve,AutoCAD::Item_91::Curve_Bbox,Item_91::Images,/Users/polinastepanova/Desktop/Work_2025-2026/LGA_Work/JM6/Silhouettes/Heller Modified/Heller Silhouettes/Combined/91_silhouette.png,1000,667,255,149,766,547,255,233,149,119
92,/Users/polinastepanova/Desktop/Work_2025-2026/LGA_Work/JM6/Silhouettes/Heller Modified/Heller Contours/92_silhouette_contour.svg,,,,,Item_92::Final_Geom,Item_92::Face_Curves,Item_92::Original_Curve,AutoCAD::Item_92::Scaled_Curve,AutoCAD::Item_92::Curve_Bbox,Item_92::Images,/Users/polinastepanova/Desktop/Work_2025-2026/LGA_Work/JM6/Silhouettes/Heller Modified/Heller Silhouettes/Combined/92_silhouette.png,667,1000,83,145,583,802,83,83,145,197
93,/Users/polinastepanova/Desktop/Work_2025-2026/LGA_Work/JM6/Silhouettes/Heller Modified/Heller Contours/93_silhouette_contour.svg,,,,,Item_93::Final_Geom,Item_93::Face_Curves,Item_93::Original_Curve,AutoCAD::Item_93::Scaled_Curve,AutoCAD::Item_93::Curve_Bbox,Item_93::Images,/Users/polinastepanova/Desktop/Work_2025-2026/LGA_Work/JM6/Silhouettes/Heller Modified/Heller Silhouettes/Combined/93_silhouette.png,1000,667,86,203,930,447,86,69,203,219
94,/Users/polinastepanova/Desktop/Work_2025-2026/LGA_Work/JM6/Silhouettes/Heller Modified/Heller Contours/94_silhouette_contour.svg,,,,,Item_94::Final_Geom,Item_94::Face_Curves,Item_94::Original_Curve,AutoCAD::Item_94::Scaled_Curve,AutoCAD::Item_94::Curve_Bbox,Item_94::Images,/Users/polinastepanova/Desktop/Work_2025-2026/LGA_Work/JM6/Silhouettes/Heller Modified/Heller Silhouettes/Combined/94_silhouette.png,1000,667,264,332,731,466,264,268,332,200
95,/Users/polinastepanova/Desktop/Work_2025-2026/LGA_Work/JM6/Silhouettes/Heller Modified/Heller Contours/95_silhouette_contour.svg,,,,,Item_95::Final_Geom,Item_95::Face_Curves,Item_95::Original_Curve,AutoCAD::Item_95::Scaled_Curve,AutoCAD::Item_95::Curve_Bbox,Item_95::Images,/Users/polinastepanova/Desktop/Work_2025-2026/LGA_Work/JM6/Silhouettes/Heller Modified/Heller Silhouettes/Combined/95_silhouette.png,667,1000,136,238,556,704,136,110,238,295
96,/Users/polinastepanova/Desktop/Work_2025-2026/LGA_Work/JM6/Silhouettes/Heller Modified/Heller Contours/96_silhouette_contour.svg,,,,,Item_96::Final_Geom,Item_96::Face_Curves,Item_96::Original_Curve,AutoCAD::Item_96::Scaled_Curve,AutoCAD::Item_96::Curve_Bbox,Item_96::Images,/Users/polinastepanova/Desktop/Work_2025-2026/LGA_Work/JM6/Silhouettes/Heller Modified/Heller Silhouettes/Combined/96_silhouette.png,667,1000,123,149,569,830,123,97,149,169
97,/Users/polinastepanova/Desktop/Work_2025-2026/LGA_Work/JM6/Silhouettes/Heller Modified/Heller Contours/97_silhouette_contour.svg,,,,,Item_97::Final_Geom,Item_97::Face_Curves,Item_97::Original_Curve,AutoCAD::Item_97::Scaled_Curve,AutoCAD::Item_97::Curve_Bbox,Item_97::Images,/Users/polinastepanova/Desktop/Work_2025-2026/LGA_Work/JM6/Silhouettes/Heller Modified/Heller Silhouettes/Combined/97_silhouette.png,1000,667,237,86,797,577,237,202,86,89
98,/Users/polinastepanova/Desktop/Work_2025-2026/LGA_Work/JM6/Silhouettes/Heller Modified/Heller Contours/98_silhouette_contour.svg,,,,,Item_98::Final_Geom,Item_98::Face_Curves,Item_98::Original_Curve,AutoCAD::Item_98::Scaled_Curve,AutoCAD::Item_98::Curve_Bbox,Item_98::Images,/Users/polinastepanova/Desktop/Work_2025-2026/LGA_Work/JM6/Silhouettes/Heller Modified/Heller Silhouettes/Combined/98_silhouette.png,1000,667,221,182,811,589,221,188,182,77
99,/Users/polinastepanova/Desktop/Work_2025-2026/LGA_Work/JM6/Silhouettes/Heller Modified/Heller Contours/99_silhouette_contour.svg,,,,,Item_99::Final_Geom,Item_99::Face_Curves,Item_99::Original_Curve,AutoCAD::Item_99::Scaled_Curve,AutoCAD::Item_99::Curve_Bbox,Item_99::Images,/Users/polinastepanova/Desktop/Work_2025-2026/LGA_Work/JM6/Silhouettes/Heller Modified/Heller Silhouettes/Combined/99_silhouette.png,1000,587,72,69,921,511,72,78,69,75
